(104; -15) -> 72
(115; -48) -> 71
(90; -17) -> 70
(111; -55) -> 69
(110; -20) -> 67
(113; -27) -> 66
(86; -16) -> 66
(107; -13) -> 66
(99; -24) -> 66
(115; -22) -> 66
(108; -13) -> 66
(113; -31) -> 65
(109; -51) -> 65
(115; -30) -> 64
(20; -110) -> 64
(108; -11) -> 64
(117; -36) -> 63
(86; -30) -> 63
(124; -22) -> 63
(15; -114) -> 63
(21; -119) -> 63
(86; -30) -> 63
(18; -109) -> 62
(94; -34) -> 62
(108; -29) -> 62
(91; -8) -> 62
(106; -40) -> 62
(130; -23) -> 62
(92; -28) -> 62
(86; -26) -> 62
(104; -31) -> 62
(23; -135) -> 62
(92; -5) -> 61
(22; -116) -> 61
(130; -20) -> 61
(24; -135) -> 61
(135; -20) -> 61
(21; -136) -> 61
(119; -57) -> 61
(-159; -33) -> 61
(122; -38) -> 61
(102; -36) -> 61
(122; -38) -> 61
(126; -48) -> 61
(22; -131) -> 61
(116; -15) -> 61
(106; -31) -> 60
(105; -28) -> 60
(92; -34) -> 60
(117; -27) -> 60
(119; -35) -> 60
(99; -37) -> 60
(7; -171) -> 60
(-156; -31) -> 60
(-160; -35) -> 60
(24; -136) -> 60
(-163; -34) -> 59
(47; -122) -> 59
(18; -139) -> 59
(124; -34) -> 59
(5; -158) -> 59
(5; -155) -> 59
(26; -111) -> 58
(138; -17) -> 58
(2; -129) -> 58
(-163; -37) -> 58
(11; -162) -> 58
(48; -121) -> 58
(128; -29) -> 58
(11; -162) -> 58
(15; -62) -> 58
(-167; -34) -> 58
(28; -154) -> 58
(-170; -22) -> 58
(96; -40) -> 57
(-170; -41) -> 57
(-27; -106) -> 57
(13; -108) -> 57
(32; -108) -> 57
(95; -40) -> 57
(-152; -25) -> 57
(9; -157) -> 57
(2; -140) -> 57
(26; -135) -> 57
(19; -177) -> 57
(89; -39) -> 57
(27; -112) -> 57
(-157; -16) -> 57
(35; -119) -> 57
(20; -162) -> 57
(18; -135) -> 57
(6; -178) -> 57
(171; 118) -> 56
(-160; -27) -> 56
(2; -172) -> 56
(-168; -15) -> 56
(-149; -41) -> 56
(131; 100) -> 56
(2; -173) -> 56
(44; -125) -> 56
(25; -123) -> 56
(12; -129) -> 56
(129; -33) -> 56
(28; -127) -> 56
(-7; -172) -> 56
(-166; 56) -> 56
(25; -127) -> 56
(-12; -175) -> 56
(-143; -45) -> 56
(-167; -15) -> 56
(46; -128) -> 56
(24; -177) -> 56
(128; -27) -> 56
(31; -133) -> 56
(80; -28) -> 56
(-166; 49) -> 56
(39; -128) -> 56
(8; -126) -> 56
(75; -37) -> 56
(135; -45) -> 55
(25; -160) -> 55
(78; -25) -> 55
(52; -128) -> 55
(-147; -36) -> 55
(-157; 76) -> 55
(27; -175) -> 55
(-98; 30) -> 55
(-24; -111) -> 55
(-163; -16) -> 55
(-148; -75) -> 55
(0; -121) -> 55
(-13; -176) -> 55
(17; -148) -> 55
(120; -60) -> 55
(44; -119) -> 55
(-165; 53) -> 55
(28; -122) -> 55
(-170; -11) -> 55
(44; -118) -> 55
(97; -54) -> 55
(-159; 62) -> 55
(-147; -34) -> 55
(138; -23) -> 55
(7; -111) -> 55
(-160; 68) -> 55
(13; -176) -> 55
(-26; -106) -> 55
(-1; -116) -> 55
(0; -163) -> 55
(164; 113) -> 55
(7; -116) -> 55
(11; -150) -> 54
(-27; -89) -> 54
(101; 9) -> 54
(-159; 61) -> 54
(4; -180) -> 54
(31; 78) -> 54
(-119; 34) -> 54
(-163; 76) -> 54
(133; 97) -> 54
(22; -146) -> 54
(76; -22) -> 54
(-125; 42) -> 54
(131; -10) -> 54
(-27; -103) -> 54
(-133; -62) -> 54
(92; -49) -> 54
(79; -14) -> 54
(-151; -37) -> 54
(11; -157) -> 54
(-176; -13) -> 54
(-117; -83) -> 54
(-115; 29) -> 54
(128; -37) -> 54
(-167; 44) -> 54
(-143; -38) -> 54
(17; -54) -> 54
(-156; -7) -> 54
(19; -103) -> 54
(-117; -94) -> 54
(-142; -47) -> 54
(-4; -179) -> 54
(-165; -5) -> 54
(102; -45) -> 54
(9; -105) -> 54
(47; -135) -> 54
(-105; -78) -> 54
(-150; -18) -> 53
(-96; -97) -> 53
(-46; -91) -> 53
(13; -169) -> 53
(-6; -97) -> 53
(-19; -101) -> 53
(130; -11) -> 53
(-17; -91) -> 53
(-5; -160) -> 53
(-22; -78) -> 53
(-8; -102) -> 53
(-117; 31) -> 53
(-166; 70) -> 53
(-179; -16) -> 53
(-23; -80) -> 53
(13; -156) -> 53
(31; -128) -> 53
(-164; -21) -> 53
(-160; 80) -> 53
(-107; -99) -> 53
(-122; 29) -> 53
(-140; -44) -> 53
(1; -184) -> 53
(-168; -54) -> 53
(-11; -154) -> 53
(10; -151) -> 53
(13; -58) -> 53
(-147; -52) -> 53
(92; -43) -> 53
(43; -59) -> 53
(-166; -20) -> 53
(89; -43) -> 53
(2; -164) -> 53
(-99; 32) -> 53
(-118; -80) -> 53
(-138; 47) -> 53
(-34; -95) -> 53
(-163; 6) -> 53
(75; -19) -> 53
(-108; -79) -> 53
(-180; -14) -> 53
(136; -44) -> 53
(-8; -147) -> 53
(-159; 54) -> 53
(-129; 7) -> 53
(11; -49) -> 53
(-146; -37) -> 53
(-144; -16) -> 52
(158; -171) -> 52
(-145; 44) -> 52
(-159; 30) -> 52
(-8; -168) -> 52
(118; -169) -> 52
(78; -13) -> 52
(-122; -83) -> 52
(-161; 34) -> 52
(-139; -41) -> 52
(117; -4) -> 52
(-5; -125) -> 52
(36; 77) -> 52
(-169; 68) -> 52
(-17; -170) -> 52
(137; 103) -> 52
(-73; -169) -> 52
(16; -99) -> 52
(-80; -175) -> 52
(142; -173) -> 52
(-159; -63) -> 52
(135; 94) -> 52
(-155; 1) -> 52
(-15; -159) -> 52
(20; -146) -> 52
(-133; -76) -> 52
(45; -137) -> 52
(-178; -31) -> 52
(-139; 42) -> 52
(83; -1) -> 52
(135; 106) -> 52
(116; -67) -> 52
(-30; -102) -> 52
(-23; -100) -> 52
(-171; 90) -> 52
(152; 110) -> 52
(-169; 92) -> 52
(73; -34) -> 52
(133; -29) -> 52
(-4; -121) -> 52
(47; -146) -> 52
(2; -52) -> 52
(-145; -57) -> 52
(-109; -77) -> 52
(-139; -48) -> 52
(-1; -163) -> 52
(-5; -101) -> 51
(75; -30) -> 51
(173; 94) -> 51
(-105; 81) -> 51
(-153; -68) -> 51
(90; 11) -> 51
(116; -2) -> 51
(137; 74) -> 51
(-138; -50) -> 51
(149; 110) -> 51
(-155; -56) -> 51
(-5; -181) -> 51
(37; 77) -> 51
(144; -176) -> 51
(154; 111) -> 51
(-157; 53) -> 51
(-123; 27) -> 51
(91; -56) -> 51
(-154; 53) -> 51
(157; -170) -> 51
(-179; 65) -> 51
(-5; -130) -> 51
(-148; 29) -> 51
(-105; 14) -> 51
(-158; 47) -> 51
(-5; -96) -> 51
(177; 94) -> 51
(-71; -161) -> 51
(35; -102) -> 51
(-175; 88) -> 51
(-1; -104) -> 51
(76; -14) -> 51
(149; 89) -> 51
(14; -45) -> 51
(114; -173) -> 51
(36; -61) -> 51
(-12; -180) -> 51
(49; -135) -> 51
(-142; -97) -> 51
(44; -150) -> 51
(-5; -182) -> 51
(-164; -51) -> 51
(-114; 26) -> 51
(-145; 29) -> 51
(88; -56) -> 51
(30; -159) -> 51
(176; 107) -> 51
(-41; -92) -> 51
(75; -26) -> 51
(-127; 31) -> 51
(15; -97) -> 51
(-100; 38) -> 51
(-175; -21) -> 51
(-78; -166) -> 51
(22; -166) -> 51
(-132; -70) -> 51
(116; -81) -> 51
(-96; 14) -> 51
(158; 103) -> 51
(117; -77) -> 51
(159; 101) -> 50
(36; -77) -> 50
(95; -62) -> 50
(15; -49) -> 50
(174; 91) -> 50
(-103; 85) -> 50
(48; -68) -> 50
(-107; 80) -> 50
(-136; -99) -> 50
(-161; -45) -> 50
(-105; -71) -> 50
(-8; -116) -> 50
(-159; -66) -> 50
(-95; 14) -> 50
(-141; 40) -> 50
(-170; 96) -> 50
(39; -74) -> 50
(-7; -117) -> 50
(79; -4) -> 50
(168; 101) -> 50
(151; 88) -> 50
(155; -168) -> 50
(-174; 88) -> 50
(129; -57) -> 50
(-159; 34) -> 50
(-146; 45) -> 50
(24; -59) -> 50
(-15; -164) -> 50
(-17; -105) -> 50
(115; -165) -> 50
(-142; 38) -> 50
(-127; -67) -> 50
(-109; -75) -> 50
(178; 118) -> 50
(-129; 32) -> 50
(24; -52) -> 50
(-114; -57) -> 50
(-102; 34) -> 50
(39; -103) -> 50
(-86; 63) -> 50
(63; -113) -> 50
(31; 89) -> 50
(-156; 31) -> 50
(-125; -87) -> 50
(-73; -179) -> 50
(4; -102) -> 50
(-90; 32) -> 50
(139; -151) -> 50
(176; 79) -> 50
(90; 10) -> 50
(107; -78) -> 50
(-37; -91) -> 50
(74; -12) -> 50
(-106; 9) -> 50
(36; -59) -> 50
(-40; -88) -> 50
(-121; 20) -> 50
(160; 102) -> 50
(126; 100) -> 50
(33; 88) -> 50
(-106; -72) -> 50
(36; -64) -> 50
(-128; -60) -> 50
(85; 3) -> 49
(173; 171) -> 49
(139; -168) -> 49
(175; 97) -> 49
(117; -71) -> 49
(-137; 16) -> 49
(-21; -174) -> 49
(77; -7) -> 49
(-109; -101) -> 49
(39; -79) -> 49
(-139; 54) -> 49
(31; -56) -> 49
(121; -75) -> 49
(159; 104) -> 49
(155; 114) -> 49
(-129; -80) -> 49
(-43; -104) -> 49
(-173; 48) -> 49
(53; 69) -> 49
(128; -125) -> 49
(23; -73) -> 49
(35; -55) -> 49
(-91; 78) -> 49
(38; 68) -> 49
(-101; -72) -> 49
(-33; -84) -> 49
(-84; 35) -> 49
(141; -46) -> 49
(151; 101) -> 49
(135; -29) -> 49
(114; 111) -> 49
(-48; -94) -> 49
(-84; 39) -> 49
(-154; -78) -> 49
(60; -38) -> 49
(-143; 33) -> 49
(112; -159) -> 49
(152; 98) -> 49
(-152; 102) -> 49
(-132; 9) -> 49
(-125; -73) -> 49
(-137; -54) -> 49
(-114; 12) -> 49
(72; -11) -> 49
(-103; 32) -> 49
(139; 111) -> 49
(-110; 100) -> 49
(-98; 58) -> 49
(26; -53) -> 49
(15; -92) -> 49
(41; -101) -> 49
(174; 89) -> 49
(-109; 53) -> 49
(-164; 90) -> 49
(29; 64) -> 49
(135; -38) -> 49
(31; -64) -> 49
(127; 121) -> 49
(-3; -44) -> 49
(32; -50) -> 49
(-160; -58) -> 49
(154; 98) -> 49
(-160; -57) -> 49
(67; -10) -> 49
(-108; 22) -> 49
(112; -159) -> 49
(-100; 77) -> 49
(-177; -19) -> 49
(-5; -120) -> 49
(47; -105) -> 49
(140; -149) -> 49
(138; 123) -> 49
(-180; -17) -> 49
(-36; -96) -> 49
(-143; 33) -> 49
(-100; 58) -> 49
(107; -76) -> 49
(28; -66) -> 49
(-154; -80) -> 49
(-12; -107) -> 49
(122; 45) -> 48
(-102; 42) -> 48
(94; -71) -> 48
(-118; -53) -> 48
(107; -70) -> 48
(-79; 21) -> 48
(132; -152) -> 48
(125; -86) -> 48
(-38; 115) -> 48
(-141; 19) -> 48
(48; -81) -> 48
(142; 98) -> 48
(145; 122) -> 48
(-179; 63) -> 48
(-84; 65) -> 48
(46; -63) -> 48
(14; 97) -> 48
(-167; -81) -> 48
(131; -71) -> 48
(-17; 2) -> 48
(147; 114) -> 48
(2; -41) -> 48
(44; 53) -> 48
(-92; 70) -> 48
(73; -136) -> 48
(-31; 111) -> 48
(-87; 20) -> 48
(-22; 105) -> 48
(-94; -176) -> 48
(91; -66) -> 48
(-14; 104) -> 48
(-90; -174) -> 48
(-25; 14) -> 48
(-144; -14) -> 48
(-93; -90) -> 48
(60; -127) -> 48
(-44; -109) -> 48
(124; 50) -> 48
(-101; 10) -> 48
(-17; -179) -> 48
(-97; -87) -> 48
(-104; 5) -> 48
(25; 90) -> 48
(104; -157) -> 48
(-35; 118) -> 48
(-20; -157) -> 48
(74; -17) -> 48
(77; -4) -> 48
(-165; 93) -> 48
(28; 78) -> 48
(116; 73) -> 48
(-181; 63) -> 48
(-93; -175) -> 48
(-186; 73) -> 48
(150; -32) -> 48
(122; 70) -> 48
(95; -61) -> 48
(-10; 113) -> 48
(-36; -117) -> 48
(-133; 17) -> 48
(-153; 61) -> 48
(35; -48) -> 48
(-130; 27) -> 48
(-10; -126) -> 48
(-130; -124) -> 48
(-33; -116) -> 48
(-186; 73) -> 48
(119; -129) -> 48
(-28; 22) -> 48
(122; -69) -> 48
(146; -32) -> 48
(19; -42) -> 48
(32; -48) -> 48
(128; -124) -> 48
(-166; -27) -> 48
(-146; 10) -> 48
(14; -90) -> 48
(-174; 47) -> 48
(-101; -77) -> 48
(18; -44) -> 48
(19; -42) -> 48
(-22; -74) -> 48
(74; -4) -> 48
(-47; -103) -> 47
(-106; -69) -> 47
(-174; 40) -> 47
(163; 87) -> 47
(132; 70) -> 47
(111; -87) -> 47
(-97; 78) -> 47
(-46; 3) -> 47
(113; -86) -> 47
(-150; -125) -> 47
(-120; -74) -> 47
(-87; 6) -> 47
(130; -72) -> 47
(151; 80) -> 47
(-175; -83) -> 47
(121; 72) -> 47
(140; -48) -> 47
(-93; 86) -> 47
(27; 103) -> 47
(132; -71) -> 47
(-73; -160) -> 47
(-123; -116) -> 47
(63; -112) -> 47
(-31; 117) -> 47
(138; -165) -> 47
(-170; 7) -> 47
(75; -132) -> 47
(140; -51) -> 47
(-155; 3) -> 47
(-161; -95) -> 47
(-28; 21) -> 47
(-123; -61) -> 47
(132; -166) -> 47
(-87; -136) -> 47
(-185; 74) -> 47
(157; -154) -> 47
(-146; 53) -> 47
(-161; 105) -> 47
(4; 103) -> 47
(1; -39) -> 47
(-1; 47) -> 47
(129; -100) -> 47
(11; -75) -> 47
(45; 87) -> 47
(-40; -117) -> 47
(165; 33) -> 47
(12; -86) -> 47
(-78; 33) -> 47
(137; -160) -> 47
(-113; 53) -> 47
(-77; 18) -> 47
(135; 89) -> 47
(-184; 67) -> 47
(161; -177) -> 47
(129; -99) -> 47
(-159; 106) -> 47
(144; -9) -> 47
(71; -18) -> 47
(44; 95) -> 47
(-167; 99) -> 47
(169; -178) -> 47
(-100; 4) -> 47
(-48; -90) -> 47
(127; 49) -> 47
(22; -39) -> 47
(-15; 116) -> 47
(131; -147) -> 47
(-155; -50) -> 47
(-143; -119) -> 47
(174; 43) -> 47
(122; 75) -> 47
(42; -157) -> 47
(82; -62) -> 47
(145; 103) -> 47
(34; 26) -> 47
(-3; -45) -> 47
(125; -137) -> 47
(-154; -49) -> 47
(-134; -114) -> 47
(146; -177) -> 47
(140; 84) -> 47
(-146; -89) -> 47
(-21; -7) -> 47
(-77; -163) -> 47
(127; -125) -> 47
(-6; -53) -> 47
(-63; -162) -> 47
(139; 125) -> 47
(-86; 19) -> 47
(85; 8) -> 47
(-160; -85) -> 47
(120; -174) -> 47
(-181; 56) -> 47
(-109; -72) -> 47
(-138; -15) -> 47
(25; -36) -> 47
(-167; -88) -> 47
(-96; 84) -> 47
(130; 53) -> 47
(76; -148) -> 46
(70; -124) -> 46
(33; -43) -> 46
(159; -157) -> 46
(-104; 53) -> 46
(-110; 48) -> 46
(130; 94) -> 46
(30; 70) -> 46
(69; -122) -> 46
(176; 37) -> 46
(-107; -133) -> 46
(56; -134) -> 46
(131; -149) -> 46
(53; 73) -> 46
(50; 102) -> 46
(-115; -105) -> 46
(-170; 33) -> 46
(38; -44) -> 46
(13; -89) -> 46
(52; 98) -> 46
(119; 4) -> 46
(-82; 56) -> 46
(99; -66) -> 46
(-90; -147) -> 46
(-111; -142) -> 46
(-115; 57) -> 46
(6; 32) -> 46
(25; -79) -> 46
(-142; 51) -> 46
(110; -160) -> 46
(121; -120) -> 46
(40; 33) -> 46
(-186; 75) -> 46
(119; -154) -> 46
(87; -131) -> 46
(-112; -140) -> 46
(90; -64) -> 46
(47; 82) -> 46
(-106; -117) -> 46
(32; -37) -> 46
(23; 15) -> 46
(22; -88) -> 46
(61; -143) -> 46
(-37; -75) -> 46
(-25; 99) -> 46
(167; -179) -> 46
(-53; 3) -> 46
(-157; -96) -> 46
(-91; -98) -> 46
(-79; 81) -> 46
(-116; 105) -> 46
(39; 89) -> 46
(119; 4) -> 46
(-138; 21) -> 46
(-150; -119) -> 46
(107; -144) -> 46
(-26; -69) -> 46
(6; -187) -> 46
(-157; 11) -> 46
(124; -5) -> 46
(-94; 65) -> 46
(36; -165) -> 46
(-98; 87) -> 46
(-158; -109) -> 46
(167; 71) -> 46
(49; 96) -> 46
(134; -84) -> 46
(41; 87) -> 46
(-38; -98) -> 46
(68; -54) -> 46
(-77; -185) -> 46
(-103; 55) -> 46
(173; -179) -> 46
(-49; 13) -> 46
(115; -145) -> 46
(-135; 5) -> 46
(-10; 13) -> 46
(96; -80) -> 46
(-29; -67) -> 46
(-45; 0) -> 46
(147; 118) -> 46
(167; -179) -> 46
(139; 85) -> 46
(143; -9) -> 46
(-120; 93) -> 46
(-86; 82) -> 46
(-107; 34) -> 46
(117; -90) -> 46
(168; -154) -> 46
(8; 95) -> 45
(-148; 21) -> 45
(186; -2) -> 45
(-17; 110) -> 45
(125; -66) -> 45
(5; -187) -> 45
(25; 69) -> 45
(47; 85) -> 45
(161; -182) -> 45
(-107; 102) -> 45
(-172; -60) -> 45
(-154; -124) -> 45
(-162; -103) -> 45
(64; -17) -> 45
(-149; 8) -> 45
(30; -182) -> 45
(76; 9) -> 45
(71; -63) -> 45
(18; 21) -> 45
(112; 4) -> 45
(121; -92) -> 45
(-24; 124) -> 45
(-52; 20) -> 45
(72; -119) -> 45
(-35; -116) -> 45
(-89; -149) -> 45
(161; 29) -> 45
(-150; 73) -> 45
(17; 19) -> 45
(2; -77) -> 45
(11; -1) -> 45
(27; 105) -> 45
(-143; 84) -> 45
(-38; -75) -> 45
(26; 113) -> 45
(-138; -107) -> 45
(-14; 87) -> 45
(-48; 134) -> 45
(70; 0) -> 45
(117; 25) -> 45
(114; -138) -> 45
(-15; 124) -> 45
(109; -144) -> 45
(-174; 45) -> 45
(-89; 94) -> 45
(-85; 10) -> 45
(131; -179) -> 45
(130; 125) -> 45
(-178; -118) -> 45
(-106; 56) -> 45
(21; -27) -> 45
(-169; -57) -> 45
(-130; 111) -> 45
(-42; -82) -> 45
(19; 68) -> 45
(-185; -9) -> 45
(58; -142) -> 45
(47; -39) -> 45
(166; 38) -> 45
(150; -142) -> 45
(173; 183) -> 45
(129; 125) -> 45
(152; 79) -> 45
(-173; -90) -> 45
(132; -1) -> 45
(-12; 30) -> 45
(129; -156) -> 45
(-150; 79) -> 45
(77; 31) -> 45
(162; 62) -> 45
(6; 46) -> 45
(-16; -126) -> 45
(11; 71) -> 45
(-115; -114) -> 45
(39; -36) -> 45
(36; -97) -> 45
(-90; -89) -> 45
(-54; -100) -> 45
(20; -93) -> 45
(42; -41) -> 45
(113; -176) -> 45
(-126; -65) -> 45
(116; 119) -> 45
(170; 75) -> 45
(-119; -102) -> 45
(-35; 107) -> 45
(52; -53) -> 45
(65; -21) -> 45
(-75; 4) -> 45
(-33; 127) -> 45
(-47; -84) -> 45
(49; 100) -> 45
(-176; -115) -> 45
(-187; 68) -> 45
(127; -5) -> 45
(119; -97) -> 45
(-186; 76) -> 45
(0; 136) -> 45
(119; 27) -> 45
(157; -160) -> 45
(-143; 84) -> 45
(-8; 19) -> 45
(119; 0) -> 45
(130; -144) -> 45
(-88; 3) -> 45
(-127; 117) -> 45
(171; -104) -> 45
(103; 18) -> 45
(-87; 73) -> 45
(-56; -172) -> 45
(122; 54) -> 45
(1; 23) -> 45
(-107; 101) -> 45
(-99; -71) -> 45
(-160; -115) -> 45
(-7; 13) -> 45
(-164; -95) -> 45
(-19; -163) -> 45
(-186; -10) -> 45
(-161; -108) -> 45
(-75; 133) -> 45
(-26; -6) -> 45
(-133; -96) -> 45
(165; 30) -> 45
(62; -18) -> 44
(6; -4) -> 44
(162; 21) -> 44
(101; -136) -> 44
(154; 60) -> 44
(-25; -130) -> 44
(39; -161) -> 44
(21; -30) -> 44
(-135; 105) -> 44
(-104; 100) -> 44
(127; -163) -> 44
(166; 51) -> 44
(163; 127) -> 44
(-162; -75) -> 44
(175; 9) -> 44
(166; 171) -> 44
(-118; 2) -> 44
(16; -36) -> 44
(-56; -174) -> 44
(81; 11) -> 44
(47; -168) -> 44
(77; 4) -> 44
(95; -134) -> 44
(-47; -87) -> 44
(-135; -103) -> 44
(55; -63) -> 44
(110; 53) -> 44
(66; -128) -> 44
(127; -2) -> 44
(-112; 60) -> 44
(-26; -130) -> 44
(164; -24) -> 44
(-71; 14) -> 44
(7; -34) -> 44
(-109; -139) -> 44
(-37; -86) -> 44
(-49; 103) -> 44
(-95; -101) -> 44
(24; -86) -> 44
(-74; 7) -> 44
(-143; 92) -> 44
(164; -17) -> 44
(122; -79) -> 44
(163; 21) -> 44
(-123; -136) -> 44
(-83; 6) -> 44
(-116; -109) -> 44
(122; 24) -> 44
(-124; 2) -> 44
(34; -180) -> 44
(-158; -124) -> 44
(103; 17) -> 44
(2; 118) -> 44
(60; -61) -> 44
(-154; -105) -> 44
(125; -135) -> 44
(173; 158) -> 44
(157; 58) -> 44
(-78; 15) -> 44
(-34; 104) -> 44
(53; -48) -> 44
(-131; -132) -> 44
(42; 116) -> 44
(-164; -107) -> 44
(-36; 98) -> 44
(14; 92) -> 44
(112; 87) -> 44
(-176; 94) -> 44
(72; -124) -> 44
(-76; -185) -> 44
(-34; 25) -> 44
(106; -133) -> 44
(-150; 113) -> 44
(102; -120) -> 44
(-130; -132) -> 44
(133; -100) -> 44
(-111; 61) -> 44
(-36; 0) -> 44
(-32; 38) -> 44
(53; 91) -> 44
(-53; -78) -> 44
(-49; 93) -> 44
(0; 19) -> 44
(-72; -153) -> 44
(-3; 113) -> 44
(129; 47) -> 44
(-83; 67) -> 44
(-18; 97) -> 44
(81; 4) -> 44
(54; 76) -> 44
(-24; 13) -> 44
(-9; -53) -> 44
(78; 7) -> 44
(164; 55) -> 44
(166; -23) -> 44
(-34; 101) -> 44
(-144; 97) -> 44
(-95; 85) -> 44
(41; -97) -> 44
(-56; -6) -> 44
(-185; 58) -> 44
(-85; -153) -> 44
(-173; -108) -> 44
(-22; 108) -> 44
(34; -177) -> 44
(149; 48) -> 44
(-61; -143) -> 44
(120; 2) -> 44
(171; -100) -> 44
(-20; 37) -> 44
(-113; 39) -> 44
(-115; 75) -> 44
(-7; 38) -> 44
(128; 4) -> 44
(61; -137) -> 44
(-161; 21) -> 44
(-167; -95) -> 44
(-65; 7) -> 44
(114; 78) -> 44
(-104; -124) -> 44
(79; 3) -> 44
(16; -30) -> 44
(30; 36) -> 44
(129; -69) -> 44
(94; -160) -> 44
(17; 55) -> 44
(98; -150) -> 44
(-48; 110) -> 44
(-53; 131) -> 44
(-96; 65) -> 44
(-105; -113) -> 44
(-144; 0) -> 44
(-183; -24) -> 44
(-157; 118) -> 43
(25; 11) -> 43
(90; -73) -> 43
(-36; -175) -> 43
(121; 76) -> 43
(121; 3) -> 43
(1; 117) -> 43
(45; 29) -> 43
(-168; -59) -> 43
(-179; 43) -> 43
(-4; -24) -> 43
(-30; -119) -> 43
(-41; -80) -> 43
(-18; 120) -> 43
(-95; 106) -> 43
(42; -179) -> 43
(-96; -70) -> 43
(168; -164) -> 43
(-45; -159) -> 43
(137; -62) -> 43
(-148; -93) -> 43
(-37; 16) -> 43
(56; -99) -> 43
(148; 123) -> 43
(126; -67) -> 43
(-51; 116) -> 43
(100; -162) -> 43
(0; -77) -> 43
(-146; 107) -> 43
(58; 72) -> 43
(-85; 1) -> 43
(-21; 132) -> 43
(74; -110) -> 43
(152; -180) -> 43
(-179; -121) -> 43
(-77; -154) -> 43
(-113; -143) -> 43
(-48; 111) -> 43
(31; 110) -> 43
(-174; 100) -> 43
(-127; 87) -> 43
(0; 120) -> 43
(159; 46) -> 43
(-70; 15) -> 43
(-20; -133) -> 43
(-188; -35) -> 43
(3; 128) -> 43
(125; -101) -> 43
(150; -181) -> 43
(43; -178) -> 43
(164; 128) -> 43
(-142; -5) -> 43
(-45; -125) -> 43
(-131; 108) -> 43
(145; 66) -> 43
(-2; -26) -> 43
(-168; -60) -> 43
(-116; -134) -> 43
(-26; -51) -> 43
(103; 54) -> 43
(0; 109) -> 43
(-87; 123) -> 43
(1; 120) -> 43
(-119; -112) -> 43
(-117; -109) -> 43
(171; 22) -> 43
(120; -112) -> 43
(-82; 72) -> 43
(111; -144) -> 43
(115; -178) -> 43
(174; 55) -> 43
(9; 128) -> 43
(-82; 5) -> 43
(119; -150) -> 43
(89; -135) -> 43
(-117; -71) -> 43
(-168; 11) -> 43
(-2; 116) -> 43
(168; 126) -> 43
(147; -109) -> 43
(66; -61) -> 43
(-101; 105) -> 43
(-134; 68) -> 43
(-49; 105) -> 43
(63; -169) -> 43
(-33; -66) -> 43
(76; -140) -> 43
(169; -19) -> 43
(35; 102) -> 43
(-118; 72) -> 43
(56; -98) -> 43
(-44; -167) -> 43
(137; -80) -> 43
(20; 31) -> 43
(-173; -109) -> 43
(146; -40) -> 43
(-26; -175) -> 43
(56; 77) -> 43
(-27; -120) -> 43
(-127; -95) -> 43
(117; -101) -> 43
(-116; -66) -> 43
(-91; -161) -> 43
(-86; -184) -> 43
(-137; 108) -> 43
(-121; -50) -> 43
(87; -71) -> 43
(134; -68) -> 43
(-101; 48) -> 43
(-129; -24) -> 43
(77; 32) -> 43
(-164; -92) -> 43
(165; -27) -> 43
(11; 35) -> 43
(-108; -53) -> 43
(136; -124) -> 43
(102; -131) -> 43
(-21; 29) -> 43
(115; 86) -> 43
(-93; -78) -> 43
(26; 33) -> 43
(-168; 114) -> 43
(-65; 83) -> 42
(-12; -58) -> 42
(-124; -51) -> 42
(77; -119) -> 42
(-161; -93) -> 42
(97; -129) -> 42
(117; 125) -> 42
(-47; -150) -> 42
(-125; 92) -> 42
(51; -35) -> 42
(124; 4) -> 42
(91; -178) -> 42
(-4; -76) -> 42
(15; 168) -> 42
(-84; -156) -> 42
(-23; -137) -> 42
(25; 14) -> 42
(34; 58) -> 42
(90; -160) -> 42
(-164; -91) -> 42
(-81; 94) -> 42
(20; 87) -> 42
(158; 130) -> 42
(15; -11) -> 42
(-84; -148) -> 42
(12; 112) -> 42
(-33; -182) -> 42
(35; 56) -> 42
(162; 46) -> 42
(70; -64) -> 42
(-4; 118) -> 42
(-32; 10) -> 42
(-185; -3) -> 42
(-143; 64) -> 42
(117; -180) -> 42
(-56; -176) -> 42
(-142; 97) -> 42
(-93; -118) -> 42
(145; 52) -> 42
(-143; 109) -> 42
(124; 125) -> 42
(-50; 27) -> 42
(-22; -163) -> 42
(113; 60) -> 42
(-28; -160) -> 42
(175; -153) -> 42
(61; -56) -> 42
(53; 49) -> 42
(-136; 61) -> 42
(58; -23) -> 42
(50; -102) -> 42
(-53; 24) -> 42
(-172; -121) -> 42
(90; 143) -> 42
(-2; -69) -> 42
(-102; 100) -> 42
(117; 132) -> 42
(-71; 11) -> 42
(5; 69) -> 42
(14; 168) -> 42
(175; -109) -> 42
(-77; 81) -> 42
(95; 134) -> 42
(-117; 17) -> 42
(76; -119) -> 42
(-36; 16) -> 42
(148; -134) -> 42
(31; 102) -> 42
(-28; -160) -> 42
(-63; 15) -> 42
(165; 185) -> 42
(-172; 23) -> 42
(146; 65) -> 42
(-39; 91) -> 42
(37; 49) -> 42
(22; 8) -> 42
(129; -117) -> 42
(-35; -68) -> 42
(20; 44) -> 42
(-54; -152) -> 42
(103; 50) -> 42
(88; -156) -> 42
(72; -150) -> 42
(53; 90) -> 42
(-51; 91) -> 42
(30; -80) -> 42
(-54; 122) -> 42
(-68; 139) -> 42
(-82; -154) -> 42
(3; -8) -> 42
(-35; -7) -> 42
(145; -81) -> 42
(-1; 4) -> 42
(24; 52) -> 42
(-35; -68) -> 42
(13; 112) -> 42
(112; 95) -> 42
(-92; 98) -> 42
(-136; -12) -> 42
(0; -27) -> 42
(90; 28) -> 42
(-74; 0) -> 42
(116; 135) -> 42
(-44; 142) -> 42
(131; 129) -> 42
(15; 129) -> 42
(111; 54) -> 42
(171; 15) -> 42
(-9; -65) -> 42
(-84; -92) -> 42
(-129; -134) -> 42
(10; 74) -> 42
(-38; -176) -> 42
(8; 128) -> 42
(-64; -145) -> 42
(-41; -151) -> 42
(-133; -20) -> 42
(34; -89) -> 42
(-123; 106) -> 42
(107; 109) -> 42
(15; 42) -> 42
(173; -120) -> 42
(-90; -75) -> 42
(-187; 88) -> 42
(-89; -7) -> 42
(110; 61) -> 42
(-115; -143) -> 42
(-174; -75) -> 42
(94; -174) -> 41
(55; 92) -> 41
(-103; -142) -> 41
(-155; 122) -> 41
(-178; -91) -> 41
(-4; 142) -> 41
(-181; -106) -> 41
(103; 24) -> 41
(-55; -65) -> 41
(-73; 22) -> 41
(69; 103) -> 41
(-27; 39) -> 41
(-94; -64) -> 41
(159; -163) -> 41
(-25; 93) -> 41
(-51; 122) -> 41
(-46; -127) -> 41
(-62; 127) -> 41
(92; 124) -> 41
(179; 41) -> 41
(146; -136) -> 41
(133; 53) -> 41
(-65; 130) -> 41
(107; -109) -> 41
(49; 21) -> 41
(63; -69) -> 41
(74; 114) -> 41
(-103; -117) -> 41
(-90; -115) -> 41
(9; 125) -> 41
(3; 10) -> 41
(143; 53) -> 41
(-89; 120) -> 41
(82; -75) -> 41
(7; 121) -> 41
(-149; 67) -> 41
(-167; 116) -> 41
(-67; 80) -> 41
(146; 48) -> 41
(182; -174) -> 41
(-38; 97) -> 41
(-133; -2) -> 41
(-61; 151) -> 41
(186; 105) -> 41
(113; 94) -> 41
(186; 109) -> 41
(20; 86) -> 41
(-109; 107) -> 41
(-120; 64) -> 41
(-54; -156) -> 41
(-75; 103) -> 41
(16; -23) -> 41
(-165; -148) -> 41
(-108; -167) -> 41
(67; -65) -> 41
(-29; -143) -> 41
(-106; 46) -> 41
(185; 95) -> 41
(-94; -166) -> 41
(-108; 110) -> 41
(48; -165) -> 41
(183; -173) -> 41
(101; -108) -> 41
(-43; 86) -> 41
(169; 185) -> 41
(109; 116) -> 41
(-5; 55) -> 41
(-31; 3) -> 41
(-40; -10) -> 41
(57; -48) -> 41
(-56; 118) -> 41
(149; 44) -> 41
(-11; -16) -> 41
(100; -106) -> 41
(-100; -105) -> 41
(147; -123) -> 41
(-139; 93) -> 41
(-12; -66) -> 41
(-38; -66) -> 41
(-7; 40) -> 41
(172; -25) -> 41
(-61; 151) -> 41
(28; 174) -> 41
(62; 15) -> 41
(-59; 153) -> 41
(-121; 126) -> 41
(-71; 21) -> 41
(-39; 96) -> 41
(48; -157) -> 41
(166; -104) -> 41
(-159; 120) -> 41
(18; 113) -> 41
(47; 48) -> 41
(-68; -147) -> 41
(-125; -100) -> 41
(157; -186) -> 41
(-40; 96) -> 41
(158; -37) -> 41
(151; 71) -> 41
(-102; 1) -> 41
(-6; -71) -> 41
(-29; -17) -> 41
(175; 75) -> 41
(24; 180) -> 41
(-80; -78) -> 41
(180; -20) -> 41
(-123; -38) -> 41
(-36; 10) -> 41
(97; -148) -> 41
(-26; -2) -> 41
(-69; 143) -> 41
(-47; 89) -> 41
(124; 132) -> 41
(110; 22) -> 41
(133; 4) -> 41
(1; 13) -> 40
(-35; 92) -> 40
(26; 53) -> 40
(154; -7) -> 40
(-16; -10) -> 40
(-48; -178) -> 40
(157; -132) -> 40
(-185; 0) -> 40
(0; 112) -> 40
(-86; -129) -> 40
(98; -172) -> 40
(-99; -122) -> 40
(-10; -71) -> 40
(-62; 124) -> 40
(91; -110) -> 40
(-55; 24) -> 40
(75; -120) -> 40
(16; 84) -> 40
(-70; 98) -> 40
(71; 95) -> 40
(120; 57) -> 40
(29; 175) -> 40
(-34; -139) -> 40
(174; 18) -> 40
(-95; 177) -> 40
(70; 107) -> 40
(-6; 50) -> 40
(73; 88) -> 40
(-23; -53) -> 40
(80; -90) -> 40
(-144; 114) -> 40
(66; -66) -> 40
(68; -69) -> 40
(-120; -33) -> 40
(-29; 43) -> 40
(-59; 27) -> 40
(52; 46) -> 40
(-110; 120) -> 40
(-51; 81) -> 40
(147; -115) -> 40
(23; 153) -> 40
(136; -183) -> 40
(-71; 35) -> 40
(-45; -148) -> 40
(-15; -42) -> 40
(-33; 13) -> 40
(68; 20) -> 40
(49; 43) -> 40
(141; 132) -> 40
(70; -77) -> 40
(-120; -111) -> 40
(150; 56) -> 40
(-113; -8) -> 40
(61; 103) -> 40
(175; -15) -> 40
(-166; -137) -> 40
(70; -110) -> 40
(102; -105) -> 40
(-180; 102) -> 40
(-5; 142) -> 40
(-146; 63) -> 40
(100; 48) -> 40
(78; -103) -> 40
(-20; -57) -> 40
(102; 64) -> 40
(93; 114) -> 40
(106; 37) -> 40
(50; 16) -> 40
(136; -191) -> 40
(-141; 164) -> 40
(84; 142) -> 40
(152; -133) -> 40
(-104; 129) -> 40
(145; 39) -> 40
(-25; 85) -> 40
(-107; -1) -> 40
(177; -188) -> 40
(169; -125) -> 40
(-101; -151) -> 40
(-64; -103) -> 40
(165; 2) -> 40
(-175; 15) -> 40
(-72; 61) -> 40
(-186; 96) -> 40
(54; -153) -> 40
(-4; -23) -> 40
(20; -16) -> 40
(95; 115) -> 40
(68; -82) -> 40
(148; 37) -> 40
(-93; -159) -> 40
(-3; -70) -> 40
(-135; 164) -> 40
(-188; 55) -> 40
(89; -123) -> 40
(185; 178) -> 40
(-54; -70) -> 40
(178; 53) -> 40
(124; 93) -> 40
(-163; -155) -> 40
(8; 166) -> 40
(26; 56) -> 40
(152; -119) -> 40
(91; -121) -> 40
(108; -129) -> 40
(-31; -4) -> 40
(184; 33) -> 40
(114; 132) -> 40
(-42; -175) -> 40
(127; 91) -> 40
(-79; -73) -> 40
(-181; -49) -> 40
(-59; -91) -> 40
(104; 137) -> 40
(-40; 167) -> 40
(17; 174) -> 40
(-65; -153) -> 40
(29; 177) -> 40
(134; -112) -> 40
(-21; 81) -> 40
(53; -152) -> 40
(-66; -186) -> 40
(-46; 159) -> 40
(-51; 143) -> 40
(-33; -135) -> 40
(-81; -191) -> 40
(-29; 3) -> 40
(171; -93) -> 39
(103; -96) -> 39
(61; -163) -> 39
(30; 182) -> 39
(-129; -137) -> 39
(100; 133) -> 39
(150; 35) -> 39
(-31; 64) -> 39
(88; 34) -> 39
(126; -182) -> 39
(-26; 94) -> 39
(-105; -11) -> 39
(-187; 97) -> 39
(-153; 127) -> 39
(-178; -130) -> 39
(72; 87) -> 39
(59; -22) -> 39
(183; -163) -> 39
(180; -21) -> 39
(57; 116) -> 39
(-101; 160) -> 39
(-71; 38) -> 39
(-18; -29) -> 39
(-104; -177) -> 39
(-89; 112) -> 39
(55; 25) -> 39
(-3; 65) -> 39
(-67; -129) -> 39
(65; 90) -> 39
(-22; -43) -> 39
(-109; 114) -> 39
(-187; 98) -> 39
(92; 41) -> 39
(96; 36) -> 39
(-20; 78) -> 39
(143; -70) -> 39
(-165; -123) -> 39
(18; 76) -> 39
(-149; 119) -> 39
(-16; -21) -> 39
(-25; 138) -> 39
(110; 139) -> 39
(0; 164) -> 39
(153; 134) -> 39
(180; -161) -> 39
(-175; -150) -> 39
(-150; 123) -> 39
(76; -74) -> 39
(2; 9) -> 39
(-59; -141) -> 39
(141; -64) -> 39
(-16; 42) -> 39
(-58; -155) -> 39
(-132; -18) -> 39
(-103; 172) -> 39
(72; -154) -> 39
(12; 4) -> 39
(72; -172) -> 39
(-73; 58) -> 39
(-180; 9) -> 39
(-15; 42) -> 39
(5; 173) -> 39
(4; 5) -> 39
(-111; -154) -> 39
(152; 70) -> 39
(70; -169) -> 39
(-96; -157) -> 39
(25; 120) -> 39
(103; 26) -> 39
(-82; 101) -> 39
(-53; 135) -> 39
(182; -178) -> 39
(158; -122) -> 39
(117; 89) -> 39
(-55; -157) -> 39
(-52; 151) -> 39
(147; -129) -> 39
(17; 117) -> 39
(6; 159) -> 39
(-180; 12) -> 39
(144; -100) -> 39
(165; -129) -> 39
(-42; 25) -> 39
(182; 27) -> 39
(-69; -88) -> 39
(-38; -132) -> 39
(-177; -71) -> 39
(-45; 67) -> 39
(-4; 24) -> 39
(21; 151) -> 39
(108; 72) -> 39
(-58; -91) -> 39
(115; -183) -> 39
(-179; 14) -> 39
(190; 115) -> 39
(-107; -12) -> 39
(71; 13) -> 39
(179; -168) -> 39
(-141; 121) -> 39
(-65; 156) -> 39
(185; -11) -> 39
(-52; 144) -> 39
(-84; 114) -> 39
(155; -107) -> 39
(107; -93) -> 39
(108; 39) -> 39
(-4; 26) -> 39
(108; 34) -> 38
(157; -43) -> 38
(-81; -90) -> 38
(-60; -186) -> 38
(-179; 117) -> 38
(114; -101) -> 38
(-4; 61) -> 38
(95; 56) -> 38
(158; -146) -> 38
(-29; -140) -> 38
(-88; 148) -> 38
(-166; 154) -> 38
(-69; -96) -> 38
(51; 30) -> 38
(-58; 121) -> 38
(180; -92) -> 38
(55; 46) -> 38
(98; 64) -> 38
(32; 182) -> 38
(74; 116) -> 38
(3; 73) -> 38
(31; 13) -> 38
(166; 161) -> 38
(178; -111) -> 38
(192; 85) -> 38
(-13; 174) -> 38
(-6; 76) -> 38
(-51; -13) -> 38
(-137; 95) -> 38
(-86; -61) -> 38
(-168; -147) -> 38
(187; 88) -> 38
(144; 35) -> 38
(-76; -19) -> 38
(104; 87) -> 38
(-9; -29) -> 38
(-178; -168) -> 38
(-177; 103) -> 38
(140; 130) -> 38
(-159; 148) -> 38
(-9; 43) -> 38
(-54; 148) -> 38
(108; 35) -> 38
(177; -189) -> 38
(-113; 110) -> 38
(-172; 128) -> 38
(78; 117) -> 38
(-86; -112) -> 38
(-28; 51) -> 38
(59; -93) -> 38
(158; -63) -> 38
(109; 124) -> 38
(-94; 124) -> 38
(161; -103) -> 38
(150; -64) -> 38
(-18; -58) -> 38
(-172; -144) -> 38
(-189; 72) -> 38
(-68; 167) -> 38
(-42; -55) -> 38
(-14; -11) -> 38
(55; -162) -> 38
(102; 26) -> 38
(27; 44) -> 38
(-133; 73) -> 38
(141; -120) -> 38
(25; 6) -> 38
(177; -93) -> 38
(-90; 149) -> 38
(100; 77) -> 38
(-86; -63) -> 38
(-44; -13) -> 38
(177; -190) -> 38
(157; -8) -> 38
(-174; -159) -> 38
(111; -108) -> 38
(-144; 171) -> 38
(70; -85) -> 38
(-185; 2) -> 38
(143; -115) -> 38
(27; 47) -> 38
(107; 124) -> 38
(61; 92) -> 38
(30; 184) -> 38
(-52; 171) -> 38
(174; -159) -> 38
(59; 88) -> 38
(72; 131) -> 38
(40; -184) -> 38
(-71; -187) -> 38
(40; -23) -> 37
(-142; -135) -> 37
(-186; -92) -> 37
(-16; 43) -> 37
(-102; 128) -> 37
(118; 139) -> 37
(-168; -126) -> 37
(-187; -107) -> 37
(-41; -28) -> 37
(101; 28) -> 37
(-36; 160) -> 37
(-104; 136) -> 37
(-176; -140) -> 37
(-1; 150) -> 37
(66; 160) -> 37
(177; -133) -> 37
(78; 147) -> 37
(-51; 159) -> 37
(-70; -102) -> 37
(-180; -65) -> 37
(190; 127) -> 37
(-78; 147) -> 37
(-3; -194) -> 37
(-66; 59) -> 37
(-191; -5) -> 37
(-165; -168) -> 37
(-50; 177) -> 37
(178; -38) -> 37
(-181; -156) -> 37
(-45; -21) -> 37
(-122; -156) -> 37
(97; 117) -> 37
(138; 27) -> 37
(67; -88) -> 37
(55; 40) -> 37
(-98; 124) -> 37
(-116; -44) -> 37
(-78; -14) -> 37
(-60; -187) -> 37
(169; -41) -> 37
(160; -126) -> 37
(-67; 73) -> 37
(-69; 70) -> 37
(-119; -38) -> 37
(184; 18) -> 37
(-17; 63) -> 37
(-121; 180) -> 37
(91; 96) -> 37
(93; 144) -> 37
(183; 45) -> 37
(60; -67) -> 37
(-10; -26) -> 37
(41; 17) -> 37
(160; -5) -> 37
(-123; 167) -> 37
(84; -159) -> 37
(-57; -186) -> 37
(88; 89) -> 37
(-28; 56) -> 37
(20; 136) -> 37
(-70; -191) -> 37
(-71; -191) -> 37
(-48; 154) -> 37
(-147; -135) -> 37
(-118; 172) -> 37
(-89; 151) -> 37
(-149; 175) -> 37
(171; -95) -> 37
(189; 96) -> 37
(43; 165) -> 37
(-84; -129) -> 37
(-91; 156) -> 37
(18; 2) -> 37
(-131; -101) -> 37
(-167; -175) -> 37
(136; 21) -> 37
(152; 175) -> 37
(-62; -116) -> 37
(28; 46) -> 37
(-47; -144) -> 37
(-55; 37) -> 37
(105; 118) -> 37
(124; 137) -> 37
(161; -143) -> 37
(72; -107) -> 37
(-58; -20) -> 37
(-169; -147) -> 37
(-78; -194) -> 37
(-39; 175) -> 37
(158; 182) -> 37
(3; 173) -> 37
(-59; 41) -> 37
(181; 186) -> 37
(-134; -9) -> 37
(-62; 93) -> 37
(52; 39) -> 37
(18; 141) -> 37
(39; 165) -> 37
(98; 121) -> 37
(182; 150) -> 37
(-110; 173) -> 37
(-186; -101) -> 37
(41; 174) -> 36
(-114; 145) -> 36
(-12; 56) -> 36
(-84; -195) -> 36
(189; 168) -> 36
(-109; 168) -> 36
(-189; -157) -> 36
(188; 165) -> 36
(-25; 55) -> 36
(-30; 156) -> 36
(185; -14) -> 36
(130; 38) -> 36
(-65; -112) -> 36
(-187; 37) -> 36
(-139; -146) -> 36
(-151; 147) -> 36
(-18; 57) -> 36
(164; 138) -> 36
(180; -127) -> 36
(21; 185) -> 36
(-87; -99) -> 36
(4; -194) -> 36
(89; 47) -> 36
(-119; 169) -> 36
(177; 190) -> 36
(36; -10) -> 36
(-178; -141) -> 36
(95; 65) -> 36
(182; 56) -> 36
(144; 21) -> 36
(-49; -21) -> 36
(-136; -143) -> 36
(-141; -141) -> 36
(-131; 139) -> 36
(42; 165) -> 36
(1; 148) -> 36
(159; 176) -> 36
(-176; -172) -> 36
(-13; 59) -> 36
(-64; 117) -> 36
(165; -3) -> 36
(-149; 166) -> 36
(172; -41) -> 36
(27; 0) -> 36
(158; -133) -> 36
(25; 1) -> 36
(69; 156) -> 36
(-130; 79) -> 36
(188; 12) -> 36
(-147; 127) -> 36
(-52; 74) -> 36
(188; 12) -> 36
(-77; 173) -> 36
(-173; 149) -> 36
(-97; -188) -> 36
(181; 130) -> 36
(-80; -130) -> 36
(157; -1) -> 36
(165; -45) -> 36
(93; 70) -> 36
(102; 30) -> 36
(-25; 143) -> 36
(-138; -140) -> 36
(-160; 148) -> 36
(61; 119) -> 36
(-55; -140) -> 36
(-100; 148) -> 36
(54; 172) -> 36
(191; 99) -> 36
(-45; 46) -> 36
(-190; -20) -> 36
(-58; 39) -> 36
(85; -176) -> 36
(-58; 140) -> 36
(42; 166) -> 36
(-68; -116) -> 36
(-116; -154) -> 36
(-138; -137) -> 36
(-44; 66) -> 36
(164; -8) -> 36
(41; 120) -> 36
(-37; -187) -> 36
(97; 112) -> 36
(155; -191) -> 36
(192; 99) -> 36
(138; 28) -> 36
(-59; -16) -> 36
(152; -86) -> 36
(-69; -130) -> 36
(-80; 166) -> 36
(6; 81) -> 36
(-180; 106) -> 36
(186; 76) -> 36
(76; -87) -> 36
(173; 146) -> 36
(-99; -189) -> 36
(168; -189) -> 36
(-136; 133) -> 35
(67; 120) -> 35
(60; 138) -> 35
(-82; 166) -> 35
(-135; -159) -> 35
(159; 185) -> 35
(-175; -174) -> 35
(-184; -72) -> 35
(160; 5) -> 35
(68; 128) -> 35
(190; 101) -> 35
(-61; 181) -> 35
(-50; 38) -> 35
(-124; -13) -> 35
(-77; -113) -> 35
(62; 138) -> 35
(-50; -19) -> 35
(162; -85) -> 35
(-183; 18) -> 35
(65; 162) -> 35
(9; 80) -> 35
(-18; -39) -> 35
(184; -43) -> 35
(-115; 161) -> 35
(71; 59) -> 35
(92; 90) -> 35
(89; 105) -> 35
(35; 189) -> 35
(158; 171) -> 35
(122; -186) -> 35
(-92; -190) -> 35
(-131; -10) -> 35
(-6; -193) -> 35
(-135; 130) -> 35
(-18; -33) -> 35
(156; 176) -> 35
(184; 21) -> 35
(-77; -25) -> 35
(173; -43) -> 35
(160; 187) -> 35
(182; 134) -> 35
(163; 162) -> 35
(96; -188) -> 35
(94; 101) -> 35
(-186; -78) -> 35
(184; -22) -> 35
(-135; 128) -> 35
(-63; -118) -> 35
(190; 110) -> 35
(32; 12) -> 35
(-136; -140) -> 35
(183; 144) -> 35
(-14; 143) -> 35
(-123; -152) -> 35
(87; -180) -> 35
(-185; -165) -> 35
(-18; 172) -> 35
(-41; 150) -> 35
(151; -195) -> 35
(48; 8) -> 35
(-20; -20) -> 35
(126; -188) -> 35
(-67; 176) -> 35
(188; -107) -> 35
(-183; 15) -> 35
(176; 190) -> 35
(31; 4) -> 35
(112; -98) -> 35
(-57; 176) -> 35
(1; 152) -> 35
(174; 144) -> 35
(161; -46) -> 35
(50; -182) -> 35
(67; 137) -> 35
(193; 122) -> 34
(191; 104) -> 34
(80; -173) -> 34
(196; 128) -> 34
(-63; 57) -> 34
(-185; -140) -> 34
(179; -191) -> 34
(49; 144) -> 34
(-79; -196) -> 34
(160; -73) -> 34
(-85; 144) -> 34
(-6; 151) -> 34
(6; 189) -> 34
(164; -93) -> 34
(-100; -19) -> 34
(-184; -131) -> 34
(161; -193) -> 34
(188; 20) -> 34
(68; 131) -> 34
(187; 27) -> 34
(14; 181) -> 34
(49; 126) -> 34
(-195; 77) -> 34
(-31; 148) -> 34
(-177; 168) -> 34
(-195; 90) -> 34
(-190; -161) -> 34
(-78; -83) -> 34
(-12; 65) -> 34
(-52; -24) -> 34
(87; -163) -> 34
(62; 35) -> 34
(-20; 173) -> 34
(192; 104) -> 34
(52; 147) -> 34
(95; 81) -> 34
(189; 172) -> 34
(69; -158) -> 34
(-52; 53) -> 34
(-86; -17) -> 34
(-64; -26) -> 34
(24; -192) -> 34
(162; 7) -> 34
(-152; 152) -> 34
(66; 34) -> 34
(-196; -10) -> 34
(-61; 73) -> 34
(-40; -35) -> 34
(190; 108) -> 34
(193; -5) -> 34
(-61; 67) -> 34
(-69; 107) -> 34
(-49; 53) -> 34
(-148; -159) -> 34
(-20; 73) -> 34
(170; -47) -> 34
(-35; 169) -> 34
(186; 27) -> 34
(167; -81) -> 34
(-93; -46) -> 34
(72; -97) -> 34
(126; 143) -> 34
(-104; 179) -> 34
(-113; 149) -> 34
(-117; 185) -> 34
(178; -64) -> 34
(160; -77) -> 34
(158; -94) -> 34
(155; 11) -> 34
(140; 139) -> 34
(-121; 183) -> 34
(143; 148) -> 34
(78; 65) -> 34
(71; 77) -> 34
(-55; -56) -> 33
(56; 35) -> 33
(-174; 160) -> 33
(-134; 150) -> 33
(144; 185) -> 33
(-112; 153) -> 33
(-90; -47) -> 33
(-150; 160) -> 33
(-126; 153) -> 33
(-104; -156) -> 33
(-103; -192) -> 33
(-55; -46) -> 33
(-105; -192) -> 33
(31; -10) -> 33
(45; -3) -> 33
(184; 60) -> 33
(149; -198) -> 33
(-37; 145) -> 33
(-195; 52) -> 33
(42; 136) -> 33
(183; 189) -> 33
(5; 185) -> 33
(-86; -198) -> 33
(-63; -45) -> 33
(39; 8) -> 33
(103; 150) -> 33
(-11; -194) -> 33
(196; 2) -> 33
(-19; 156) -> 33
(-172; 161) -> 33
(188; -100) -> 33
(-9; 175) -> 33
(68; 39) -> 33
(-63; -44) -> 33
(5; 182) -> 33
(-93; 178) -> 33
(-75; -65) -> 33
(-34; -36) -> 33
(151; 187) -> 33
(-163; 173) -> 33
(-186; -164) -> 33
(-186; -139) -> 33
(-157; 170) -> 33
(76; 77) -> 33
(184; -80) -> 33
(46; 144) -> 33
(40; 2) -> 33
(-178; -177) -> 33
(14; 185) -> 33
(-156; -180) -> 33
(-192; 44) -> 33
(169; -78) -> 33
(-91; 133) -> 33
(-75; -15) -> 33
(-143; 136) -> 33
(-95; -193) -> 33
(53; 167) -> 33
(-180; 156) -> 33
(181; -125) -> 33
(191; 151) -> 33
(-92; 178) -> 33
(183; -133) -> 32
(161; -195) -> 32
(72; 122) -> 32
(-87; -23) -> 32
(11; 187) -> 32
(2; -197) -> 32
(63; 42) -> 32
(-145; 143) -> 32
(192; 175) -> 32
(-147; 140) -> 32
(155; -195) -> 32
(13; 144) -> 32
(-89; 135) -> 32
(-115; 155) -> 32
(181; -77) -> 32
(-60; 58) -> 32
(189; -15) -> 32
(72; 159) -> 32
(-175; -177) -> 32
(-199; 92) -> 32
(190; -110) -> 32
(-127; 184) -> 32
(174; 138) -> 32
(189; 52) -> 32
(185; 190) -> 32
(-168; 176) -> 32
(-50; -40) -> 32
(-161; 179) -> 32
(-104; 184) -> 32
(12; 182) -> 32
(-166; 159) -> 32
(-98; 141) -> 32
(19; 143) -> 32
(187; -22) -> 32
(57; 137) -> 32
(189; -26) -> 32
(184; 65) -> 32
(-52; -30) -> 32
(90; -185) -> 32
(37; 137) -> 32
(45; 160) -> 32
(-194; -15) -> 32
(155; 159) -> 32
(-164; -183) -> 32
(176; -45) -> 32
(68; 51) -> 32
(186; -185) -> 32
(-99; -17) -> 31
(-39; 182) -> 31
(-22; 184) -> 31
(-191; 111) -> 31
(184; -130) -> 31
(141; 172) -> 31
(87; 151) -> 31
(-160; -184) -> 31
(-74; -41) -> 31
(-53; -38) -> 31
(-196; 51) -> 31
(-83; 134) -> 31
(34; 0) -> 31
(104; -192) -> 31
(171; -198) -> 31
(191; -104) -> 31
(-98; 185) -> 31
(193; 72) -> 31
(-165; 169) -> 31
(65; 45) -> 31
(-152; 138) -> 31
(-135; -148) -> 31
(-84; -46) -> 31
(189; -91) -> 31
(-60; -43) -> 31
(-55; -40) -> 31
(184; -67) -> 31
(-143; -153) -> 31
(-105; -194) -> 31
(66; 125) -> 31
(52; 186) -> 31
(-22; 155) -> 31
(24; -194) -> 31
(34; 193) -> 31
(-49; 62) -> 31
(191; 19) -> 31
(-141; -175) -> 30
(-186; -182) -> 30
(186; -45) -> 30
(-99; -198) -> 30
(49; 177) -> 30
(104; 155) -> 30
(-193; -143) -> 30
(186; 141) -> 30
(186; 138) -> 30
(199; 94) -> 30
(44; -190) -> 30
(71; -98) -> 30
(194; -104) -> 30
(192; 178) -> 30
(197; 156) -> 30
(185; -131) -> 30
(150; 168) -> 30
(-193; -140) -> 30
(-53; -193) -> 30
(-11; -198) -> 30
(56; -187) -> 30
(-26; -194) -> 30
(191; -92) -> 30
(-119; 160) -> 30
(143; 190) -> 30
(-192; 36) -> 30
(70; 46) -> 30
(59; 173) -> 30
(-179; -182) -> 30
(52; -191) -> 30
(-119; 159) -> 30
(-177; 173) -> 30
(146; 188) -> 30
(190; 179) -> 30
(194; 73) -> 30
(198; 109) -> 30
(66; -190) -> 30
(-71; -55) -> 30
(192; -23) -> 30
(179; -62) -> 30
(-127; -180) -> 29
(79; 169) -> 29
(197; 168) -> 29
(87; 77) -> 29
(157; 155) -> 29
(191; -168) -> 29
(188; -123) -> 29
(-196; -19) -> 29
(-197; 72) -> 29
(45; -191) -> 29
(-79; -118) -> 29
(110; -195) -> 29
(-194; 8) -> 29
(55; 130) -> 29
(56; -188) -> 29
(-187; 167) -> 29
(195; 159) -> 29
(-192; -97) -> 29
(190; -82) -> 29
(49; -193) -> 29
(107; 150) -> 29
(-187; -174) -> 29
(153; 168) -> 29
(-200; 75) -> 29
(23; 195) -> 29
(196; 157) -> 29
(-78; -46) -> 29
(192; 15) -> 29
(-181; 130) -> 29
(108; -195) -> 29
(-109; -192) -> 29
(-99; 189) -> 29
(-145; 182) -> 29
(192; 48) -> 29
(-54; -198) -> 29
(193; 71) -> 29
(200; 123) -> 29
(76; 160) -> 29
(-98; -22) -> 29
(-146; -177) -> 29
(-50; 186) -> 29
(164; -198) -> 29
(-168; -188) -> 29
(57; 188) -> 29
(101; 160) -> 29
(58; -192) -> 29
(164; 199) -> 29
(155; 167) -> 28
(161; 197) -> 28
(167; 200) -> 28
(199; 108) -> 28
(191; 183) -> 28
(188; -72) -> 28
(-103; -32) -> 28
(190; 61) -> 28
(-114; -195) -> 28
(189; -164) -> 28
(197; 172) -> 28
(-183; 170) -> 28
(-193; -38) -> 28
(-190; -80) -> 28
(-16; -198) -> 28
(-68; -54) -> 28
(193; -17) -> 28
(-5; 186) -> 28
(198; 173) -> 28
(172; -56) -> 28
(-107; -199) -> 28
(199; 106) -> 28
(-65; -196) -> 28
(-168; 183) -> 28
(192; 145) -> 28
(89; 153) -> 28
(104; -196) -> 28
(-146; 184) -> 27
(193; -118) -> 27
(140; 194) -> 27
(-67; -49) -> 27
(-193; -41) -> 27
(-86; 184) -> 27
(-195; -35) -> 27
(-72; 191) -> 27
(108; -199) -> 27
(-29; -194) -> 27
(77; 161) -> 27
(121; -193) -> 27
(116; 156) -> 27
(190; 64) -> 27
(82; 172) -> 27
(-160; -191) -> 27
(-73; 189) -> 27
(43; 193) -> 27
(-40; 188) -> 27
(-194; 32) -> 27
(89; 168) -> 27
(-103; -27) -> 27
(194; 13) -> 27
(-199; 71) -> 27
(23; -199) -> 27
(129; -199) -> 27
(-196; 102) -> 27
(200; 173) -> 27
(37; -194) -> 27
(-96; -33) -> 27
(-2; 190) -> 27
(195; -116) -> 27
(163; 200) -> 27
(22; -198) -> 27
(-38; 187) -> 27
(-64; -54) -> 27
(91; 172) -> 27
(-199; -25) -> 26
(-130; -183) -> 26
(-199; -29) -> 26
(-169; -189) -> 26
(-142; -187) -> 26
(34; 143) -> 26
(-140; -181) -> 26
(-25; -199) -> 26
(-187; 149) -> 26
(197; 31) -> 26
(-196; -121) -> 26
(42; -195) -> 26
(-126; -186) -> 26
(-68; -200) -> 26
(195; 17) -> 26
(-160; -196) -> 26
(-138; 186) -> 26
(143; 196) -> 26
(196; -40) -> 25
(-186; 136) -> 25
(129; 159) -> 25
(75; 182) -> 25
(-126; -189) -> 25
(18; 200) -> 25
(77; -195) -> 25
(-23; -199) -> 25
(29; 200) -> 25
(194; -179) -> 25
(69; -194) -> 25
(-59; -199) -> 25
(-200; -23) -> 25
(57; -196) -> 25
(194; -181) -> 25
(198; -100) -> 25
(-185; 144) -> 25
(199; -98) -> 25
(192; -139) -> 25
(-125; -193) -> 25
(-38; 190) -> 25
(-91; 187) -> 25
(-122; -195) -> 25
(-15; 192) -> 24
(-131; 192) -> 24
(-198; 114) -> 24
(-84; 191) -> 24
(196; -80) -> 24
(-42; 192) -> 24
(-40; 192) -> 24
(-64; 192) -> 24
(-135; 186) -> 24
(-136; 190) -> 24
(199; -8) -> 24
(-132; -192) -> 24
(-196; 108) -> 24
(-134; 188) -> 24
(-148; -192) -> 24
(-200; -157) -> 24
(123; -197) -> 24
(-31; 195) -> 24
(196; 141) -> 24
(200; 19) -> 24
(200; 184) -> 24
(196; -157) -> 23
(188; 200) -> 23
(-193; 149) -> 23
(-138; -186) -> 23
(-182; -194) -> 23
(-181; -194) -> 23
(78; -199) -> 23
(-176; 186) -> 23
(-198; 17) -> 23
(81; -200) -> 23
(-134; -191) -> 23
(-199; 11) -> 23
(-173; -196) -> 23
(-188; 134) -> 23
(-189; 131) -> 23
(-198; -135) -> 23
(-197; 104) -> 23
(199; -10) -> 22
(-152; 194) -> 22
(-52; 199) -> 22
(63; 190) -> 22
(-196; -89) -> 22
(123; 172) -> 22
(85; 181) -> 22
(-194; -76) -> 22
(-200; -134) -> 22
(190; -59) -> 22
(198; -80) -> 22
(194; -148) -> 22
(196; 61) -> 22
(-57; 199) -> 22
(-123; 200) -> 22
(-196; -167) -> 22
(-192; 146) -> 22
(-198; 155) -> 22
(-127; -198) -> 22
(199; -22) -> 21
(-189; 138) -> 21
(-200; -136) -> 21
(-47; 200) -> 21
(86; -199) -> 21
(-198; -170) -> 21
(-200; 34) -> 21
(-196; 169) -> 21
(43; 199) -> 21
(194; -54) -> 21
(-195; -57) -> 21
(197; -148) -> 21
(-104; 199) -> 21
(-196; -103) -> 21
(199; 58) -> 21
(-198; -137) -> 21
(-50; 200) -> 21
(-23; 199) -> 20
(-81; 199) -> 20
(-200; -107) -> 20
(-177; -200) -> 20
(-187; 184) -> 20
(-197; -61) -> 20
(135; 198) -> 20
(197; -187) -> 20
(-94; 197) -> 20
(-199; 38) -> 20
(123; 169) -> 19
(88; -198) -> 19
(200; -149) -> 19
(-198; -95) -> 19
(-196; 139) -> 19
(199; 197) -> 18
(115; 179) -> 18
(-143; 197) -> 18
(198; -134) -> 18
(-93; 200) -> 18
(-190; -195) -> 18
(76; 191) -> 17
(57; 199) -> 17
(77; 194) -> 16
(-199; -49) -> 16
(-175; 196) -> 16
(99; 189) -> 16
(197; -197) -> 15
(-164; 200) -> 15
(-200; 144) -> 15
(88; 191) -> 14
(74; 197) -> 14
(128; 198) -> 14
(129; 195) -> 14
(-194; 186) -> 13
(-197; 184) -> 13
(125; 200) -> 13
(200; -197) -> 13
(83; 200) -> 12
(-198; 185) -> 12
(114; 195) -> 12
(-199; 182) -> 12
(-197; -198) -> 11
