6506782
12108716
3183380
13184201
7734813
13538755
135704
10464329
11700241
1354279
11271757
12593078
12711305
13782117
2229068
8932358
94668
1284695
6749613
463324
11050007
5107241
2913168
6533656
9629744
2045815
3587187
3404396
7340796
9993843
6032884
4519664
2652442
9138327
3715742
194616
462449
7665503
6420170
3113108
1200802
9083372
5856510
9402395
13658282
10636058
8408336
8503524
6749297
1582540
4620393
1566032
7543201
637495
8976632
1104960
5562377
7529735
12607174
8029533
8484527
4326677
209661
10314227
11314457
5456362
6933566
11015222
9591527
3824617
3252465
7999552
12531007
8913160
1344690
4126904
2604900
10777127
3059595
2398253
8774765
1485455
1389227
8487559
5786621
4632939
4058617
1526408
1175361
13650373
7005525
10468777
410494
6374935
7276017
7974535
12183235
13348091
3237882
2660606
3729163
3981118
10207711
7202932
8144548
1217454
6747274
9743920
11939612
6794366
6549781
6185065
8560420
12534718
2353597
9707966
13899382
11751447
467038
8751965
2371068
12020759
1660999
4695932
3881680
2627993
3446290
2367229
12014934
5180519
2880729
3873013
441127
6540295
1158725
6701691
3004547
4632935
12462599
9733652
8124964
10329776
11527153
7979702
3078883
11765330
6264285
8403313
11742537
11480595
7034044
4967550
1187361
8238125
13242595
879913
9055843
4657553
4281830
7813391
13755679
7166338
4901151
7742884
12059157
6319156
10137133
7219765
7220690
12365289
11175974
4784695
10544465
9571248
11017593
10056592
2709118
3194588
1739444
3223816
1779335
4109877
2574968
4297385
5743802
13167752
6841870
13192798
4611829
6245373
5622732
4117280
8636066
920489
13008185
9498553
1556800
11671463
779043
7396052
4371327
7424294
1106466
11178578
2510179
2142132
467526
5107614
9194448
8753095
1954540
357698
1165642
3754824
11076860
8003089
1811076
6557589
8934575
1089994
5718454
7176942
10153651
11324752
50878
2781170
10292114
13950521
3273935
4092926
10807872
2928354
13686673
1426343
712062
11910918
10450635
38557
13121162
12521201
1552488
5202798
11204668
8670163
8955215
12374757
2702268
3945195
11984066
653698
13636446
12100893
3898371
6388139
6843049
11319033
11098937
492477
8066408
7843357
9301253
8355320
13738198
9757573
7209338
2510509
545680
9382248
6304736
11362315
13021165
10649995
9468630
4891985
13744488
1336985
7724275
8525906
5970458
1820108
13269174
7396552
9893526
4628888
11452686
13958126
10125710
75457231