4803098775
8803139515
7806148414
8009196126
9401307913
6111284375
6607248717
0326092835
6505171258
7406046969
9401124153
9511255592
5910164362
5603015711
8902113313
6508116359
5912015181
6308114851
7210054358
0122065228
9711196913
5606086531
7002044339
8711293797
6504161914
8103238147
5608202667
9304297241
8106188644
0027283451
6002229712
6303031712
6807318248
8310293847
0224304698
7105089612
0427074832
8803267927
8511162452
6109179519
4505163237
8912097452
5102018463
5010133412
8209179558
0128042273
6910214574
5502122624
9002276372
9110254157
9804121579
9910034684
9909071519
4609249989
6306117729
7407193132
4706205784
5406027362
7212133725
9502063712
7506304525
4808309722
5409104895
7504087591
7904122266
5812046199
4901178588
0023026688
0131175658
5904297398
9208119956
7105242493
7908305217
0027123532
5708066896
0426215764
5705213477
9411102215
6901232815
4707089266
7404084773
8407203135
0124257817
6612264911
5705266328
0023139774
6707267721
8511169753
6906302239
5101245413
4507128485
0030058547
0321013519
4510043539
7412269359
6003246593
8410221177
6902161537
8206129876
5411185425
0321048395
8511195338
8004156164
9202071793
7809186465
6905213475
9711092969
4907176357
5201209875
6611091574
9811024496
8802135615
7206058559
9411174215
8906301512
9012113273
7508015451
9302065279
4511179417
0132106338
6702272551
5608191311
4706171115
0228139661
0221286831
5307295637
5809031568
6412066645
8801053619
6212244596
9104083263
5708143575
4901279386
9202105177
7506306976
5708099429
5611116837
9112187892
4701048267
4706211273
7405038639
4811179964
7011304297
5302022752
9009252286
9507123113
8805202196
8403263425
7211174467
7603069571
0321133394
6707259379
5109027986
9305052152
5501185154
5407093728
7210297416
6010147263
6610138721
6506233913
7709246643
5105162576
6202094826
9401173813
5003194872
9506175394
0330033522
7301219732
8202189618
6110114148
9901204768
9204126379
7106021447
6111148782
5307191371
4903026498
6005233365
6906246288
7712081857
9408105367
8301259447
9607069128
7606022859
5206297286
5203197423
6210144366
5402017781
4511263339
9802263211
4911042527
9203064283
5406198629
8009229881
6312087553
6806237234
4705283758
0223023467
9905113125
4903077788
8101286517
9605176769
7509288699
7510315463
7607226478
5006209422
4601033997
9010064167
6208131455
6805256188
4904168696
7608219469
9410177444
8506281148
5402201556
6107216317
8007021621
6507219552
8604234296
4702073549
7612083347
9504158397
6609038748
5201164788
5012187927
9102144995
8506272933
7810209775
5103217344
4904129477
7704039322
8411249234
9403099331
8901254669
0123048259
7410275429
5307119164
0030266118
7705292735
8205227834
7010266371
9802192921
8704154377
7710115281
9903238342
7408102356
8312166295
7802199141
9907311673
6908184669
0326173785
7212166875
4812028689
5210099679
5101243989
5312046592
7701251314
6911056173
9105165394
9203147885
9001043185
7312041335
8102159475
4610309549
8005138398
9004077973
0431204173
7108227455
5007316826
7503137818
0023215617
8301013785
7010217532
7308181784
6605212696
5110093431
5005106998
6409204582
7506075686
8908221651
6706177415
9109111233
9408295682
4605098943
8210089479
8204097662
6610287485
0330137866
7302055346
0322046216
0227292739
6504291992
6802232763
7703242378
0332275938
6312139865
7601195256
6502011264
5008151559
6608319468
7410194181
7610236834
8803079147
7007154614
5106147744
7606169543
7310064416
8006132967
5801149778
9902038923
7708097815
7901153599
0024025934
9310242739
5509221264
8403163575
5207024814
6207087781
7111219576
8703185636
5702269646
8312072998
0330095812
6006304482
5509127187
9403069951
0028289711
5208263991
5711049996
6112227189
9806032886
0122058948
9010251548
5406032692
9003167665
8409266961
4501113254
7805101672
5009036142
8409087815
5511165917
0323177134
4603054966
7212186576
6603093693
7904072541
6101274885
5307185526
9304067353
0023269928
0132032386
9006101437
6708077856
8004136623
8408222436
6409027353
9406301118
6007192668
8103241565
4510103988
5807227614
6508272199
7908239772
7106183439
6905227925
5911206812
8702194314
0021223327
7809212119
4603169727
5207108227
6103079422
9701141879
6912055841
8108031371
6410087681
5909186655
9904248678
5110024919
5209201429
6211279531
8108231918
6007274917
7307272195
8606131864
7602108713
8001186355
6903137477
6107227253
7611077762
5011086545
9509104519
7608172198
7911227985
4807284799
6307011467
4506166356
6606194179
7605217645
8304211743
8601212398
5504128231
4707204335
8411295664
8802047353
8902264937
6312106492
9112162544
6907162323
6601194217
7103138596
0023191848
4607289926
6009175267
9006294722
8612308617
5009244912
6803215639
9711292365
5407064145
8012268819
7606221436
4612207359
9109309894
4608117776
8111255448
9611055362
7909216399
9001139164
4505214417
9310152324
7612257659
7712186892
4509234522
5804013954
7112262194
5911116533
7009277517
5206086673
9310048567
8309238854
7001269969
8401177953
7109263279
0121198919
6406159315
8807245448
7605148731
6905165889
6307019564
8301283555
7110159779
5409156869
7001101897
8009222158
8509202861
0322098922
7711177514
8401023471
0029165778
7604057693
9501171856
0129142985
7301145152
5510258171
8205265328
9008137969
5702284465
7012165431
5509125736
9001269594
6108047464
5302175281
9909165714
8610298789
9709142894
0425134664
6101284889
7202279575
6702125149
8105165251
6112279967
5803112846
6601304557
6011094262
9601086256
9504218134
6409144567
9905317436
6506308186
9105064792
0227202221
0423233389
8703169796
9305214525
7803319824
8205314925
7207148192
8107257531
9008258369
7212047566